MOI	Freq	A	B
2	0.01	0.878555522775408	0.827594561820893
2	0.02	1.08722009499437	1.09629964607248
2	0.03	0.8341516630109	0.844632682708265
2	0.04	1.22487047765292	1.22682344422947
2	0.05	0.970827586210529	0.97152663278861
2	0.06	0.911353369034468	0.913793971046037
2	0.07	1.2386176435426	1.2447331516806
2	0.08	0.939091760445289	0.937728793189621
2	0.09	0.938948572674317	0.925130607691183
2	0.1	0.957821889485286	1.00704348427999
2	0.11	0.911124548288273	0.905319835894845
2	0.12	0.923107815025307	0.926345986943801
2	0.13	0.892045720637108	0.849734367978255
2	0.14	1.10120062427255	1.15498234707956
2	0.15	0.876827508713701	0.887186212060302
2	0.16	0.961770866794378	0.937191789581945
2	0.17	1.40466531981046	1.4033231179535
2	0.18	1.06715862864328	1.047608138057
2	0.19	0.939219137289518	0.961399187883235
2	0.2	0.919193418508518	0.89063207609469
2	0.21	1.12043574006478	1.11833731090904
2	0.22	1.18003188693065	1.1902805778376
2	0.23	0.977670207496499	1.00137600596428
2	0.24	1.17230339528902	1.21532452484212
2	0.25	1.12355791085695	1.13405889892724
2	0.26	1.29684861908581	1.30873783553206
2	0.27	1.18320674274666	1.18823879651794
2	0.28	0.956252857735072	0.932841143696984
2	0.29	1.10478866356701	1.11931314809158
2	0.3	1.0040159387633	0.979415225407304
2	0.31	1.27492116447882	1.23764418912023
2	0.32	0.929769015919999	0.946237401682838
2	0.33	1.08511438523259	1.06300328492313
2	0.34	1.28532270646871	1.28448992038273
2	0.35	0.981006650439507	0.975057975855953
2	0.36	1.23536167120778	1.22095392231676
2	0.37	0.902560651620607	0.897649009299211
2	0.38	1.08683350121895	1.08155448746909
2	0.39	1.07949423634196	1.0842446868022
2	0.4	1.22633619255289	1.20952737353344
2	0.41	0.905578910940113	0.900159313563811
2	0.42	1.07099104650511	1.07085604626454
2	0.43	1.02244716474498	1.01817951358568
2	0.44	1.12825314916712	1.13445742019448
2	0.45	1.02253799633046	1.00643081391338
2	0.46	0.883259981529688	0.895133949037644
2	0.47	1.02538182764709	1.02823196792291
2	0.48	0.968577642615743	0.984882874270545
2	0.49	1.05580450013626	1.04957987323141
2	0.5	1.24014295863396	1.23183327755383
3	0.01	1.24051212011039	2.60303922352069
3	0.02	0.995629017598638	2.02657859286698
3	0.03	0.995897124021369	1.83887960210541
3	0.04	0.975321016631944	1.7582412134197
3	0.05	1.11430730968692	2.00683448188034
3	0.06	0.915289143523862	1.74626538466443
3	0.07	0.84747532405303	1.57427241737495
3	0.08	0.850279853414979	1.47237332140967
3	0.09	0.941802115155928	1.65979457136585
3	0.1	0.843431980796549	1.43608598165205
3	0.11	0.947030352642473	1.57392436641659
3	0.12	0.96172182226437	1.53576086903093
3	0.13	0.916892022917119	1.4714332286751
3	0.14	0.846203776656009	1.31711245554089
3	0.15	0.822495068882376	1.26375774466244
3	0.16	0.921024938494798	1.46291132817365
3	0.17	0.963688575326755	1.52183321607632
3	0.18	0.871838384458445	1.31498611966895
3	0.19	0.90288466384768	1.3312795613958
3	0.2	0.90862513180728	1.30260843586431
3	0.21	0.930893894501527	1.35972725207218
3	0.22	0.865789250889418	1.23522808796513
3	0.23	0.794005648737429	1.11473067846793
3	0.24	0.770861201603601	1.09032430415261
3	0.25	0.833211784932227	1.08882359304417
3	0.26	0.927696531811438	1.26344625568212
3	0.27	0.85028294848462	1.11654162053042
3	0.28	0.978013533267314	1.27903989755614
3	0.29	0.84547193925067	1.11609052617198
3	0.3	0.83385976148975	1.05866334894743
3	0.31	0.936215072102756	1.16988017823639
3	0.32	0.897338938089297	1.11775492845169
3	0.33	0.854064929283002	1.04898938964091
3	0.34	0.856665326186526	1.03541479498389
3	0.35	0.963876738387013	1.14126364403031
3	0.36	0.877734572748773	1.0285054543176
3	0.37	0.962569162045497	1.13211202916299
3	0.38	0.82980551994333	0.98907086855198
3	0.39	0.96457893125005	1.08969836817318
3	0.4	0.849737333125309	0.966199652601235
3	0.41	0.982749999240399	1.08240677208673
3	0.42	0.991379737040217	1.08045877346541
3	0.43	0.905313615167235	0.982280385847487
3	0.44	1.12165049736784	1.22045984019206
3	0.45	0.971384687658571	1.02839498215161
3	0.46	1.05367636770338	1.10615083182647
3	0.47	1.01612893382626	1.05295196359411
3	0.48	0.976651179154757	1.00177165357057
3	0.49	1.1360822063385	1.14975795692829
3	0.5	1.05620287685955	1.06762158493849
4	0.01	0.94315252802972	2.6753405306965
4	0.02	0.981432848251304	2.80416767854006
4	0.03	0.992377914002033	2.70112482884466
4	0.04	0.953466578248754	2.56122043156175
4	0.05	0.942332301684243	2.61134389800952
4	0.06	0.929214557709943	2.47319120760288
4	0.07	0.787800738217322	2.04673517002814
4	0.08	0.992251361548563	2.49015117614999
4	0.09	0.933093619526365	2.3374015540352
4	0.1	0.995027617791664	2.31823899626825
4	0.11	0.912951298820222	2.14306858659816
4	0.12	0.919314500858833	2.08798554463341
4	0.13	0.923681659789578	2.07079241715368
4	0.14	0.916201769733241	2.0300806371549
4	0.15	0.908387503928361	1.97229298502307
4	0.16	0.931611640032875	1.8929496529547
4	0.17	0.882334568002524	1.85415627310834
4	0.18	0.958100192935133	1.93696769722008
4	0.19	0.871106496958487	1.72094158864063
4	0.2	0.885818931850029	1.6790078492778
4	0.21	0.893781283067619	1.68742653523026
4	0.22	0.953279447630034	1.75722838209035
4	0.23	1.01067621233771	1.8061980229766
4	0.24	0.889722484075489	1.56615276166911
4	0.25	0.94292977947968	1.64789214392771
4	0.26	0.887078981521414	1.4957669417866
4	0.27	0.98104275844206	1.63710597157185
4	0.28	0.971235873695796	1.53987807887107
4	0.29	0.952908910914871	1.47606453578067
4	0.3	0.943129593086944	1.43863205182221
4	0.31	0.953921460630778	1.44707239994612
4	0.32	1.01916175686642	1.48690817276471
4	0.33	0.911806946964279	1.3525333544441
4	0.34	0.979437654781585	1.37897904715866
4	0.35	1.01366402083317	1.4385798042915
4	0.36	0.974937281890368	1.32191310709031
4	0.37	0.977463497450777	1.2995088878773
4	0.38	0.992105504009619	1.28071596345239
4	0.39	0.97916507449127	1.21833080115886
4	0.4	0.930002797724714	1.13036503877694
4	0.41	1.02186732476238	1.24801111067985
4	0.42	0.993319810929899	1.20706782098457
4	0.43	0.970532246039349	1.15326946347798
4	0.44	1.02698113759585	1.17706327216092
4	0.45	1.01782153278743	1.13154782183114
4	0.46	0.983971885800983	1.07498001334149
4	0.47	1.04736384617294	1.12864951298888
4	0.48	1.02036538729318	1.06763932886161
4	0.49	0.989418260583753	1.01534952753276
4	0.5	1.02073596464113	1.05330009321199
5	0.01	1.093159314406	4.31657333162824
5	0.02	1.08818173058908	4.03011751980917
5	0.03	1.09817413319824	4.08968009278808
5	0.04	0.935144622510971	3.33279839722498
5	0.05	0.962743536368998	3.26264302756391
5	0.06	0.934782459131833	3.26573968586503
5	0.07	0.942483676795901	3.21735757902535
5	0.08	0.913364365162645	2.9959914897884
5	0.09	0.981989052621429	3.0465820025042
5	0.1	1.01880118387542	3.18183505196012
5	0.11	0.86168675346088	2.55291866453613
5	0.12	0.941340139341012	2.72767960583677
5	0.13	0.981551400599321	2.77302166236377
5	0.14	1.00115570299093	2.80583229752663
5	0.15	0.910063383315014	2.42044074517292
5	0.16	0.922719141896426	2.34290707346635
5	0.17	0.854644970344656	2.17820603782294
5	0.18	0.890642173894818	2.15785296612593
5	0.19	0.998830448256238	2.4234388754777
5	0.2	0.970051577108737	2.28048480664086
5	0.21	0.97336017923817	2.20440930993629
5	0.22	0.966799621822489	2.11490140756959
5	0.23	1.01252798756148	2.16589302073436
5	0.24	1.0093565158148	2.08836905522912
5	0.25	1.02467553362121	2.10319556276355
5	0.26	0.958867174858823	1.8686509977747
5	0.27	1.0674151992436	2.0667031516972
5	0.28	0.937576557628013	1.73796359242778
5	0.29	0.999488072185907	1.8464231326979
5	0.3	0.986652829915699	1.76257044650021
5	0.31	0.979539784435485	1.71808681559768
5	0.32	1.03688194284173	1.7775878005917
5	0.33	1.07630622785015	1.74983887213123
5	0.34	1.0931559107536	1.73371430601528
5	0.35	1.06985805044939	1.63748658239927
5	0.36	0.942138399674219	1.41038928485596
5	0.37	0.961803631564534	1.40852402175559
5	0.38	1.06581861710706	1.47872124661783
5	0.39	1.0366651664615	1.40390732105826
5	0.4	0.992512375958582	1.31143737106924
5	0.41	0.987570639760651	1.24007807699689
5	0.42	1.08473893626134	1.33678311001227
5	0.43	1.09852511470861	1.36392547170204
5	0.44	1.15260927743146	1.36908647781549
5	0.45	1.13451343714356	1.288353725855
5	0.46	1.10682221119526	1.22402281201773
5	0.47	1.10270985176305	1.20204752704778
5	0.48	1.16828734131271	1.21614079751529
5	0.49	1.17287166014474	1.20421357063219
5	0.5	1.22913336923279	1.22300589053993
6	0.01	1.00454836354974	5.16387486401517
6	0.02	0.944597732571286	4.36156674006037
6	0.03	0.941001664858208	4.1932900594415
6	0.04	1.01660615268893	4.39618769374337
6	0.05	0.960979556649911	4.0751649221045
6	0.06	0.961869333244552	4.1958293185646
6	0.07	0.95420257330594	3.97853023811615
6	0.08	0.965690398988454	3.78075254210903
6	0.09	0.944739127349216	3.68152267167109
6	0.1	0.997524364756784	3.7333118463628
6	0.11	1.04126673838027	3.73612686377769
6	0.12	1.00937195703271	3.51864180341791
6	0.13	0.953248606478382	3.26679224519595
6	0.14	0.974837557487596	3.09687828471152
6	0.15	0.944771035451766	3.00368796409808
6	0.16	1.05529615820697	3.21612422703515
6	0.17	0.92086760088272	2.6879879628886
6	0.18	1.05666989294087	3.0327973459247
6	0.19	0.946419385934955	2.61810961364217
6	0.2	0.955506905647517	2.5387511505669
6	0.21	0.992828004606697	2.56315129596781
6	0.22	0.947261949801341	2.40637640107197
6	0.23	1.03625136241685	2.47242797133633
6	0.24	0.984587212005204	2.28942744577633
6	0.25	1.03849052870107	2.37942169781616
6	0.26	1.03381908525111	2.32166942252987
6	0.27	1.03018357368872	2.16906594397668
6	0.28	1.02794924370108	2.13446403489326
6	0.29	1.01188448863549	2.00961638302022
6	0.3	1.09020871710333	2.10752008014903
6	0.31	1.15508560210572	2.16039325285837
6	0.32	1.04294047223354	1.87056991308775
6	0.33	1.06589227441368	1.83699964387278
6	0.34	1.08622532906557	1.87167481388361
6	0.35	1.07393239089982	1.79424108709658
6	0.36	1.1450187085476	1.82334716348383
6	0.37	1.07283143063162	1.63326166705889
6	0.38	1.16315078611122	1.73146127722449
6	0.39	1.09558987202867	1.54849851033713
6	0.4	1.18458369357249	1.68345416878062
6	0.41	1.23987698918993	1.68312131017171
6	0.42	1.17853992083976	1.54551837919935
6	0.43	1.2245140081263	1.51912140429888
6	0.44	1.22255827206615	1.51240658328303
6	0.45	1.29947351434527	1.54860658591257
6	0.46	1.19828474825034	1.37959955336523
6	0.47	1.20933852076067	1.32337050233311
6	0.48	1.31397385587429	1.39739296390171
6	0.49	1.26700615906714	1.30596281798137
6	0.5	1.407772948622	1.40803630731773
7	0.01	0.89265835116392	5.10766706851475
7	0.02	1.12695037882151	6.21194880693802
7	0.03	0.934844592158747	5.10861081829885
7	0.04	0.995046371113312	5.18404263978354
7	0.05	0.907223481162682	4.63069120817507
7	0.06	1.09229504469343	5.21584641863379
7	0.07	1.02238606577531	4.85061107105472
7	0.08	0.999112425281816	4.53311150976668
7	0.09	0.951193362839526	4.15531682454936
7	0.1	1.02223940111462	4.23325017519997
7	0.11	1.00966059846754	4.10426564135443
7	0.12	0.961434896018717	3.80572930344364
7	0.13	0.969777722239828	3.73165947774981
7	0.14	1.04601847344543	3.75590767648888
7	0.15	0.963490923349466	3.42173123000797
7	0.16	1.02648966652924	3.546437060847
7	0.17	1.03357936668221	3.33283982450458
7	0.18	1.01397669447441	3.21589303188373
7	0.19	1.06008924486047	3.20180434432734
7	0.2	0.966485818290685	2.89867747951899
7	0.21	1.00926550044667	2.876100025335
7	0.22	1.00128492909697	2.73420149343915
7	0.23	1.08715154578592	2.90499786904174
7	0.24	1.03082988010901	2.64417017941371
7	0.25	1.04261349241502	2.57224974518381
7	0.26	1.0528343802159	2.4896386833345
7	0.27	1.05523420704068	2.43048321793507
7	0.28	1.15493826675454	2.59169322755904
7	0.29	1.18919285407244	2.53818607904599
7	0.3	1.07478209202841	2.23500872144237
7	0.31	1.1090932540251	2.21530305746537
7	0.32	1.18556158020443	2.29626420960061
7	0.33	1.24787691336317	2.34730864066573
7	0.34	1.13638128521659	2.01584169521979
7	0.35	1.18252114741317	2.05295347787669
7	0.36	1.22044828844007	2.00248884807355
7	0.37	1.18674290875781	1.91720118402686
7	0.38	1.2276725310238	1.91312779080334
7	0.39	1.25680555925073	1.84529379451859
7	0.4	1.26518274032835	1.81467133397427
7	0.41	1.33608281373065	1.83761209550876
7	0.42	1.30496338197634	1.74304537933676
7	0.43	1.31893456125307	1.69392142765068
7	0.44	1.32915870019893	1.61908016350716
7	0.45	1.44552350365933	1.74691969547968
7	0.46	1.37475646066323	1.60705835753464
7	0.47	1.41393825279564	1.57584680479366
7	0.48	1.58098994841087	1.68842774987051
7	0.49	1.47699973653024	1.5225395012284
7	0.5	1.62764504361614	1.61419807873187
8	0.01	0.991704229899563	6.60182260909373
8	0.02	1.0866705990364	7.08319995730498
8	0.03	0.895897967113505	5.47004066100136
8	0.04	1.03821524312566	6.16062981302928
8	0.05	1.03677511468216	6.0363894396549
8	0.06	0.940375235236399	5.153880113143
8	0.07	0.961467621033532	5.06500659805308
8	0.08	1.00351048946552	5.13548675925891
8	0.09	0.978252859226581	4.6269723768533
8	0.1	0.996039561873491	4.66328158656423
8	0.11	0.982429004521642	4.41062072224733
8	0.12	1.01829444046831	4.32039119224685
8	0.13	1.00592183213461	4.28105216050799
8	0.14	1.08143581982821	4.46058559783043
8	0.15	1.03003663194968	3.87970641594049
8	0.16	0.967645830450296	3.60215617806145
8	0.17	1.09733059077006	3.94090901405852
8	0.18	1.00539927702935	3.46080960077352
8	0.19	1.08612279146398	3.59889584401975
8	0.2	1.11461433751296	3.53697191220684
8	0.21	1.06456678246024	3.20516542735362
8	0.22	1.08161711651674	3.18356101897005
8	0.23	1.13715074826206	3.24207097952353
8	0.24	1.05881766074326	2.85670239867711
8	0.25	1.11066922577633	2.97010533302792
8	0.26	1.16173233412875	2.93398629629286
8	0.27	1.13249095258693	2.72632614752623
8	0.28	1.214583134641	2.82707956878534
8	0.29	1.13025490092716	2.56261352905384
8	0.3	1.23328227433242	2.63734512092132
8	0.31	1.29443549339929	2.62827540193313
8	0.32	1.24959527848282	2.50595746917475
8	0.33	1.24767450740341	2.38691445490718
8	0.34	1.25076708186875	2.27911513113925
8	0.35	1.29827681237316	2.29801464645575
8	0.36	1.29286170280834	2.21414326776404
8	0.37	1.37636131839397	2.29618280969303
8	0.38	1.38370928696504	2.20290653649272
8	0.39	1.44073482384733	2.1433306480932
8	0.4	1.3644289526595	1.95749193094296
8	0.41	1.5079788515737	2.13688563996395
8	0.42	1.55433497780762	2.10392834852386
8	0.43	1.47263464758947	1.93688343311532
8	0.44	1.49750748307528	1.88908854064736
8	0.45	1.55687224301855	1.86974289931184
8	0.46	1.54125216164348	1.76991208922659
8	0.47	1.60309293955992	1.80572119663013
8	0.48	1.76334786754211	1.88260239337854
8	0.49	1.63100003953369	1.67022978306665
8	0.5	1.75325366096961	1.75280555466638
9	0.01	0.966354370452975	7.66920373540121
9	0.02	0.956150654617621	6.9284148248719
9	0.03	0.997108189616496	7.17209312333221
9	0.04	1.03602399984876	6.87450206714422
9	0.05	1.01589331689871	6.48929718246299
9	0.06	0.976524776160017	5.77836736139316
9	0.07	1.06559038661433	6.28222906385754
9	0.08	0.941393849400172	5.29163614342787
9	0.09	1.01714837655072	5.61924274191991
9	0.1	0.987391594759949	5.00286495901613
9	0.11	1.02009212293282	5.0829002215354
9	0.12	1.02340284108191	4.80832556190427
9	0.13	1.07556483675194	4.79822621854304
9	0.14	1.0026713906691	4.20625175906332
9	0.15	0.985747418462493	3.99812640443976
9	0.16	1.04957747206346	4.08782810000165
9	0.17	1.06202973624073	4.05707303367394
9	0.18	1.09431029493447	3.97908100971614
9	0.19	1.10542790975596	3.93934540431566
9	0.2	1.03864309186538	3.51869391073192
9	0.21	1.02584558420421	3.27986735347952
9	0.22	1.09949271811564	3.40176078952012
9	0.23	1.11348860162802	3.27858688376157
9	0.24	1.19991938583734	3.4105326371572
9	0.25	1.14463903604296	3.10520555116898
9	0.26	1.20590417618273	3.16170070139782
9	0.27	1.2103519288449	3.01153390737594
9	0.28	1.25516736043212	3.04764519293649
9	0.29	1.28662457591608	3.02476555727104
9	0.3	1.38248350319648	3.05938868195054
9	0.31	1.38650590672228	2.96857615344929
9	0.32	1.29477831615054	2.6211004036915
9	0.33	1.39169870665142	2.70536718986392
9	0.34	1.35418057671647	2.54557935737304
9	0.35	1.51629545229304	2.75037316275619
9	0.36	1.495079775654	2.61802431274357
9	0.37	1.5589377064078	2.63331345329967
9	0.38	1.54949843614795	2.50151785155257
9	0.39	1.61466525751101	2.48902972268734
9	0.4	1.64722742350739	2.42805119371422
9	0.41	1.58313413026203	2.24074125444041
9	0.42	1.68410319797067	2.29854808919347
9	0.43	1.7466414978188	2.30182564592747
9	0.44	1.77768350782695	2.24457632880858
9	0.45	1.754158163071	2.16209330519696
9	0.46	1.76917306085808	2.06363194800833
9	0.47	1.82448976932093	2.06212307956653
9	0.48	2.02513280755136	2.18762746476516
9	0.49	1.87048022356503	1.9373559105298
9	0.5	1.98751107556934	2.01314718932087
10	0.01	1.04468980103836	9.05982229781297
10	0.02	1.00617472832102	7.99184097426166
10	0.03	1.07022965767321	8.214480105166
10	0.04	0.987944143334641	7.46531509870451
10	0.05	0.943628363030149	6.75641767218155
10	0.06	0.968944531103948	6.70197020781441
10	0.07	0.990467465398269	6.4078645317668
10	0.08	0.973697842376915	6.07794427787674
10	0.09	1.0105821401529	5.77618878438531
10	0.1	1.08676127823876	6.05104460217586
10	0.11	0.952355224497607	4.95040194693929
10	0.12	1.0366291684849	5.08956566715303
10	0.13	1.02685034938286	4.79748826905027
10	0.14	1.064224112586	4.91516345200927
10	0.15	1.11161942015269	4.97606561086756
10	0.16	1.08186880688729	4.6099626944074
10	0.17	1.06124775794872	4.21283034650976
10	0.18	1.08097835451451	4.15770468182841
10	0.19	1.09038626908427	3.95624012965568
10	0.2	1.19045828626666	4.20361430569981
10	0.21	1.09663999905423	3.67012618212419
10	0.22	1.13987383636272	3.62145527969498
10	0.23	1.25922594607494	3.76123467114191
10	0.24	1.24863631929718	3.6385080249858
10	0.25	1.31785613790495	3.70314947507575
10	0.26	1.25669074319788	3.35431090745641
10	0.27	1.32378361957859	3.35038515181043
10	0.28	1.34373328801176	3.28464706746167
10	0.29	1.37607158325789	3.24734906973949
10	0.3	1.48411837109357	3.3655155767295
10	0.31	1.47038889997329	3.23700999133525
10	0.32	1.4967640737086	3.0881276172691
10	0.33	1.44775674722676	2.91540404990703
10	0.34	1.57842604566043	3.04236998200548
10	0.35	1.60819201497431	2.92423340726493
10	0.36	1.65647820293445	2.94147824473474
10	0.37	1.67539634723634	2.84163242687584
10	0.38	1.64457099133342	2.67734142528717
10	0.39	1.62329309208925	2.56189611305315
10	0.4	1.71606829766095	2.5777764625847
10	0.41	1.87835894929063	2.66057417638798
10	0.42	1.81002411303537	2.51832406525137
10	0.43	1.92248496117911	2.52917054354591
10	0.44	1.94230045833475	2.47899780118874
10	0.45	1.90010701790124	2.29385416907256
10	0.46	1.97179043602343	2.32572372974552
10	0.47	1.977686987542	2.26687062549099
10	0.48	2.11814910625522	2.26687521209035
10	0.49	2.06652126970789	2.14449998657166
10	0.5	2.19017145143555	2.19170139905106
11	0.01	0.998465644970494	9.76252245085724
11	0.02	1.00832991441714	9.08235884971361
11	0.03	1.01398074537944	8.31670628366529
11	0.04	1.12518552045504	8.98738949085075
11	0.05	0.96272722558208	7.30656536581956
11	0.06	0.925828440703919	6.66748080609837
11	0.07	0.973039428629219	6.65182372551886
11	0.08	1.05595453234629	6.83512869851339
11	0.09	1.01907371769498	6.16218039472501
11	0.1	0.985607782854745	5.93321461679153
11	0.11	1.10868686998053	6.19540501681746
11	0.12	1.02764634943822	5.44346896330531
11	0.13	1.08004916932533	5.33097386388986
11	0.14	1.14388484223916	5.50728410539351
11	0.15	1.04533361167924	4.70614293614375
11	0.16	1.11196743048331	4.75231988293228
11	0.17	1.18267466313129	4.8665482693786
11	0.18	1.18882052254532	4.81462237846101
11	0.19	1.18133702067802	4.44711250323475
11	0.2	1.13642740142352	4.06373486851278
11	0.21	1.27269225991356	4.31223814954423
11	0.22	1.23979860246564	4.07934729764414
11	0.23	1.28078153936382	3.97100368485211
11	0.24	1.28905274452093	3.80159036683753
11	0.25	1.39767108664084	3.96198416318567
11	0.26	1.33660008048443	3.63262435624533
11	0.27	1.41133508255704	3.64914704115433
11	0.28	1.41205849457514	3.51856170290368
11	0.29	1.39395536396507	3.37038425625503
11	0.3	1.45738326216099	3.38577754251304
11	0.31	1.56550484570354	3.38573023013178
11	0.32	1.60093396738109	3.39855570160816
11	0.33	1.63078339357844	3.27175552985183
11	0.34	1.6338002760197	3.15628870502838
11	0.35	1.70274184237826	3.18551696893944
11	0.36	1.70998546315186	3.07471329436146
11	0.37	1.75896233967348	2.99769432621166
11	0.38	1.80554733307883	2.96211358050927
11	0.39	1.83392834029324	2.86788830910714
11	0.4	1.96999569773568	2.96913016505791
11	0.41	1.92208590930902	2.78389311826806
11	0.42	1.98471300063431	2.71523195680784
11	0.43	2.20363813237898	2.96156720878513
11	0.44	2.05626478135414	2.65854012424081
11	0.45	2.16134655095621	2.65069942174848
11	0.46	2.19558332685702	2.55027941878342
11	0.47	2.30295718095794	2.61310003129015
11	0.48	2.16789299803583	2.38916932278068
11	0.49	2.49012128304441	2.54760434067938
11	0.5	2.39851648900659	2.39171505668989
12	0.01	1.00242751799227	10.9366459986592
12	0.02	1.0502980655574	10.4520219936006
12	0.03	0.984439696536229	9.09411879926494
12	0.04	1.00766967463389	8.59754698198973
12	0.05	0.983594727602705	8.25292347358278
12	0.06	0.997902721108849	7.59654152411088
12	0.07	0.995637889088632	7.16856289445287
12	0.08	1.01272641230211	7.05287344591102
12	0.09	1.04528696303423	6.90665976560229
12	0.1	1.00757630385288	6.20309055010832
12	0.11	1.06862271775312	6.18046413649827
12	0.12	1.08585883044287	6.04537915731731
12	0.13	1.07809574612097	5.55183993397588
12	0.14	1.099666544052	5.47393841455685
12	0.15	1.14080590766958	5.45041082194777
12	0.16	1.11074753713353	4.97088361715505
12	0.17	1.18514712865844	5.17762014353556
12	0.18	1.17278648292741	4.76224233880523
12	0.19	1.26106324034694	4.84368391945973
12	0.2	1.30244737300833	4.84274418613939
12	0.21	1.32844624583451	4.68170607262921
12	0.22	1.32754091816726	4.36327143807937
12	0.23	1.37967055842948	4.4597837613614
12	0.24	1.41301534030047	4.24594815468584
12	0.25	1.41490756244487	4.10737912552384
12	0.26	1.47704548653921	4.11793221222669
12	0.27	1.52142769802438	4.04195410787524
12	0.28	1.60808484824985	4.048169481307
12	0.29	1.5423332171793	3.74225955856561
12	0.3	1.63709636349425	3.80512612760767
12	0.31	1.70424553450808	3.7443752016166
12	0.32	1.72891689499072	3.65320477793783
12	0.33	1.87426383076247	3.82959448078261
12	0.34	1.85500646580296	3.601523788617
12	0.35	1.91552189780639	3.60122761411701
12	0.36	1.81701679756483	3.22794664639591
12	0.37	1.89685078059979	3.21559024324388
12	0.38	1.99568079035941	3.27785004525663
12	0.39	2.1105257606404	3.33560705388886
12	0.4	2.14031030949698	3.22354254733856
12	0.41	2.12681658680133	3.1015559161003
12	0.42	2.32558872267757	3.22558966095503
12	0.43	2.17187078176592	2.90914232931266
12	0.44	2.23596876420711	2.86744445898328
12	0.45	2.39421594719181	2.9464946855341
12	0.46	2.40136014196015	2.78572697861885
12	0.47	2.48298924581919	2.7792865567138
12	0.48	2.65759816619468	2.83964938459658
12	0.49	2.5938192496801	2.73415651015986
12	0.5	2.6868576504163	2.6861527708821
13	0.01	0.917535625865335	10.0901371672652
13	0.02	1.00501447857364	10.5420534729459
13	0.03	0.941098874117199	9.32656111574388
13	0.04	1.01916015974919	9.33623253447978
13	0.05	1.01161930125832	9.01161037751514
13	0.06	1.00232220791851	8.09036700980169
13	0.07	0.955372007466931	7.29045753167352
13	0.08	1.04707188493392	7.64930544185879
13	0.09	0.990207841246767	6.86634339321215
13	0.1	1.01719067810587	6.5747798557635
13	0.11	1.12858976946086	6.86855088456474
13	0.12	1.06911679405701	6.23095226474165
13	0.13	1.08761560573446	5.93788412519819
13	0.14	1.10328236912479	5.67963117552623
13	0.15	1.12505841107754	5.54315926497552
13	0.16	1.18957221267409	5.56743769211588
13	0.17	1.23174255568509	5.3724596318334
13	0.18	1.29477987704693	5.39781366979674
13	0.19	1.27430963234144	5.02327904554556
13	0.2	1.38396060480054	5.11288859835118
13	0.21	1.28867369851465	4.62373897902393
13	0.22	1.39408886759023	4.71923360862561
13	0.23	1.47620048111562	4.76766709398367
13	0.24	1.43862811336281	4.4902284309313
13	0.25	1.49413130736077	4.38050135257829
13	0.26	1.58985564330423	4.37877499385214
13	0.27	1.56988820571449	4.25423439471209
13	0.28	1.64847558468912	4.15550870159972
13	0.29	1.6994217404641	4.10521133463579
13	0.3	1.7230630896711	3.96146350339605
13	0.31	1.81195032107549	4.05185418548362
13	0.32	1.85555187881393	3.88199186811026
13	0.33	1.9482348404709	3.93516382824485
13	0.34	2.04925576309449	3.91800369287706
13	0.35	2.05215084649915	3.8079995575925
13	0.36	2.12796698140285	3.76921605721314
13	0.37	2.08066573876894	3.53949969811741
13	0.38	2.10661804940144	3.43526404024825
13	0.39	2.25529471503994	3.56120108504524
13	0.4	2.47286718786263	3.71089109263506
13	0.41	2.44212678598436	3.53057415524119
13	0.42	2.31620784579827	3.20449675514143
13	0.43	2.50816222384178	3.35204444284874
13	0.44	2.56949627217426	3.25645638906488
13	0.45	2.5443031440283	3.11891016226794
13	0.46	2.68781080037306	3.21098899539939
13	0.47	2.6854386485824	2.99865025376554
13	0.48	2.62843183600367	2.813890317806
13	0.49	2.95678581549901	3.09490069207081
13	0.5	3.03804060738299	3.01591513600706
14	0.01	1.0021097283384	11.7348235009497
14	0.02	0.949353738159636	10.7139895751112
14	0.03	1.0808973576928	11.272040261005
14	0.04	1.05104244431933	10.4805527969885
14	0.05	0.999221726475397	9.2308795655155
14	0.06	1.00576680541813	8.75187219347265
14	0.07	1.08406373371682	8.62392024532461
14	0.08	0.974138583133841	7.56387085053461
14	0.09	1.0404758857448	7.55584242323118
14	0.1	1.12114854775231	7.59289790011548
14	0.11	1.05030148378151	6.64486902918647
14	0.12	1.08527450164207	6.50182212512232
14	0.13	1.15098774195794	6.50804995019899
14	0.14	1.12393272700255	6.07983637222745
14	0.15	1.19831694540963	6.11288596927121
14	0.16	1.18591092129114	5.59032383847993
14	0.17	1.26061106480589	5.65978730198203
14	0.18	1.25677255872638	5.38306512456656
14	0.19	1.34688967757416	5.40044066022973
14	0.2	1.38812240501573	5.29227007051532
14	0.21	1.43238679734638	5.22204172865011
14	0.22	1.41953191245948	4.8710159896154
14	0.23	1.46506959781242	4.76133608231304
14	0.24	1.50076076400593	4.70045367103021
14	0.25	1.61265694975898	4.75912512884913
14	0.26	1.58865705292034	4.47965988781074
14	0.27	1.68456279154827	4.55100105248444
14	0.28	1.81660948196836	4.61642448980036
14	0.29	1.77958703505745	4.3476326844926
14	0.3	1.8767244407191	4.3421132459693
14	0.31	1.9176409089217	4.24533513479473
14	0.32	2.01627078333755	4.28070154337535
14	0.33	2.06771659437093	4.17689222165933
14	0.34	2.05405120636703	3.98353459376041
14	0.35	2.12266247239094	3.90405139550231
14	0.36	2.23923917155906	3.9795571568652
14	0.37	2.28774024319598	3.8421668271487
14	0.38	2.25408573789962	3.741118976223
14	0.39	2.40555907201545	3.71400259621425
14	0.4	2.47206131325244	3.7150407781458
14	0.41	2.58248047789307	3.71271143231054
14	0.42	2.73443800646854	3.78714346720455
14	0.43	2.79446011837731	3.77154317101195
14	0.44	2.75853997639545	3.50051979541079
14	0.45	2.94856206711101	3.58510678039203
14	0.46	2.86269213438182	3.36792266028542
14	0.47	2.86976626748756	3.26821701607127
14	0.48	3.18107224829253	3.48274442124479
14	0.49	3.08137235523705	3.23460662320556
14	0.5	3.2068832588256	3.19900136982789
15	0.01	0.975499842345847	12.9871189657437
15	0.02	0.974075117971387	11.8260349964013
15	0.03	0.949180763196422	10.5125636980489
15	0.04	0.933176301464087	9.93906725128415
15	0.05	1.0308126840584	10.3114929360772
15	0.06	1.03323576542269	9.50820825368107
15	0.07	1.04271277239949	8.91698980812053
15	0.08	0.993013573708496	7.80465356759981
15	0.09	1.06516817497756	7.80990507443734
15	0.1	1.09525275490358	7.65224241390985
15	0.11	1.10553240991119	7.15743268692479
15	0.12	1.10101955467509	6.79085534949084
15	0.13	1.16633711372857	6.6203160953833
15	0.14	1.13298727044493	6.11892286492744
15	0.15	1.29784963611188	6.62061403220232
15	0.16	1.2539213237696	6.05707203212116
15	0.17	1.34664229792433	6.14847146096775
15	0.18	1.42292688148184	6.1992468270192
15	0.19	1.41499000978436	5.78734765622715
15	0.2	1.38776506932905	5.3097359926238
15	0.21	1.53564901808895	5.61629824632496
15	0.22	1.52014194322958	5.27190778223296
15	0.23	1.5477052586539	5.10222234309308
15	0.24	1.59156651305635	4.98690065339847
15	0.25	1.72406111769238	5.10860344376799
15	0.26	1.75461067220598	4.9559297714008
15	0.27	1.80754583072004	4.91233687312683
15	0.28	1.90040632262756	4.95053960014113
15	0.29	1.9034949083092	4.69847312256901
15	0.3	2.02624996725401	4.78936510369766
15	0.31	2.28965496912589	5.1045621327412
15	0.32	2.21276063883057	4.66179450107225
15	0.33	2.13706846609877	4.36967458972043
15	0.34	2.40969689203832	4.72937140779711
15	0.35	2.32393439824223	4.2891484362653
15	0.36	2.45535127050183	4.35751979429468
15	0.37	2.47971325116145	4.24205313311689
15	0.38	2.75033341552423	4.50490753621011
15	0.39	2.78071597117241	4.36146134313224
15	0.4	2.74953548873575	4.14581487913386
15	0.41	2.83965555307068	4.08106689143663
15	0.42	2.91055942923855	4.01772395924247
15	0.43	2.88720986881603	3.88866896877561
15	0.44	3.09010758360707	3.93554854649081
15	0.45	3.26031047738186	4.01398809386147
15	0.46	3.24859482524611	3.83521453970884
15	0.47	3.10565618065767	3.56056376401895
15	0.48	3.22505424926365	3.51022383590627
15	0.49	3.35349479147726	3.48262793322585
15	0.5	3.40095817924119	3.37037778136761
16	0.01	0.960553135554822	13.6654613935793
16	0.02	0.94359738172778	11.7780951158165
16	0.03	1.02384055050612	11.9055497946531
16	0.04	1.00689858668825	11.2999704792163
16	0.05	0.977259898342107	9.86811304847286
16	0.06	1.06477841689987	10.1007483765355
16	0.07	1.10647367860795	9.73962191126787
16	0.08	1.06738215920573	8.65627586326829
16	0.09	1.10495869829288	8.47429142442716
16	0.1	1.10848417571261	8.0240185670424
16	0.11	1.09999597348715	7.30896760314568
16	0.12	1.13984647681428	7.21431584663098
16	0.13	1.22975479858615	7.27247950222557
16	0.14	1.22625403412062	6.81744110354428
16	0.15	1.2362570967138	6.44307994483748
16	0.16	1.35682367461193	6.72594870443648
16	0.17	1.30605884291716	6.03992833481661
16	0.18	1.38481976184674	6.04121520477513
16	0.19	1.44431538496786	5.94605800428484
16	0.2	1.48395162029752	5.76860643138389
16	0.21	1.54144644502691	5.66434372078278
16	0.22	1.6749537167423	5.91763382671602
16	0.23	1.69585390671721	5.47124911782866
16	0.24	1.66943128803454	5.21266832904393
16	0.25	1.7335972581927	5.24618361682103
16	0.26	1.82446377044845	5.22711026867901
16	0.27	1.98018757058984	5.35066851903935
16	0.28	1.95756856065516	5.11223759339838
16	0.29	2.01276335223722	4.99603576977853
16	0.3	2.0857399136916	4.82028247391
16	0.31	2.2435979236873	5.03397617747229
16	0.32	2.31464887596016	4.90074022886263
16	0.33	2.28794036200611	4.63297107015941
16	0.34	2.3768291578449	4.60453804577191
16	0.35	2.52269244475188	4.69038854577775
16	0.36	2.56043675131044	4.59540620284975
16	0.37	2.61268625709701	4.44572293869301
16	0.38	2.78607877167427	4.55848960868304
16	0.39	2.80064089759788	4.39965198451545
16	0.4	2.88744949817756	4.35167700237222
16	0.41	2.90049204059234	4.13051265979513
16	0.42	3.02049299306417	4.19799309374408
16	0.43	3.16132389121372	4.22727929087445
16	0.44	3.09595569696248	3.93578409609281
16	0.45	3.28311420342747	4.03186840452203
16	0.46	3.38066960800668	3.98134796580115
16	0.47	3.66951022317881	4.15472214752514
16	0.48	3.59366111916459	3.8863868303442
16	0.49	3.53715816659768	3.7150154676209
16	0.5	3.66988994121758	3.69519500223168
17	0.01	1.00095357577517	14.4487652522087
17	0.02	1.08153711095171	14.9922811505445
17	0.03	1.02939221803012	12.8969295274224
17	0.04	0.978612438890478	11.2105402920373
17	0.05	1.00785400613921	10.9084473943621
17	0.06	1.05251339521683	10.2571180970439
17	0.07	1.04985440750711	9.61778204084308
17	0.08	1.07986007014848	9.22436929197332
17	0.09	1.12180729265875	8.8812847250764
17	0.1	1.1848281882149	8.69915288120479
17	0.11	1.21609969962795	8.34318555981447
17	0.12	1.15337111812813	7.52032403494661
17	0.13	1.24504736328954	7.5533325291815
17	0.14	1.25229326068366	7.03420055358121
17	0.15	1.36153348111663	7.19070357560824
17	0.16	1.38447656238573	6.74866548561464
17	0.17	1.41765499387159	6.60128742913939
17	0.18	1.44716497304969	6.49623449496294
17	0.19	1.45950131799	6.08878001987248
17	0.2	1.50624905073516	5.92533192842954
17	0.21	1.55652434715748	5.83055375016819
17	0.22	1.63714086022055	5.77197604324845
17	0.23	1.72617731353376	5.80607129466679
17	0.24	1.83551341118996	5.77221515635591
17	0.25	1.89904067469301	5.66851839225505
17	0.26	2.02242075590529	5.64480637918021
17	0.27	2.05521381709728	5.56454061205211
17	0.28	2.11402365203555	5.37761679754826
17	0.29	2.18977866067117	5.35837543785611
17	0.3	2.21772451258684	5.16825905729075
17	0.31	2.30202300281876	5.1818643273223
17	0.32	2.47726657940009	5.3784244209036
17	0.33	2.38271938371455	4.83983221180533
17	0.34	2.7479548320021	5.28142651631537
17	0.35	2.65218163393318	4.91807978454312
17	0.36	2.81724360268938	4.99925257088765
17	0.37	2.85147946568926	4.87099097205398
17	0.38	2.96042533460032	4.80414974932385
17	0.39	2.89608327538939	4.49205772142084
17	0.4	3.03001854982937	4.620990766338
17	0.41	3.23597944868318	4.69540715152052
17	0.42	3.25642132204301	4.47987881404993
17	0.43	3.42251920982813	4.55083630408975
17	0.44	3.42162221410142	4.34566944442804
17	0.45	3.58233931679606	4.37842004100374
17	0.46	3.71864597588813	4.32228067254434
17	0.47	3.80740995712654	4.31374570011485
17	0.48	3.99169900328227	4.34236907878746
17	0.49	3.76778172658875	3.93916832682494
17	0.5	4.15213667760113	4.14788105558779
18	0.01	1.00273850394534	16.763282823053
18	0.02	0.990888153702802	14.7202320040866
18	0.03	1.02874406602798	13.3203708281802
18	0.04	1.03578035765869	12.3765291134533
18	0.05	1.04116555069463	11.6910864537702
18	0.06	1.02723778764636	10.3789640841571
18	0.07	1.05391094981344	9.91514156655697
18	0.08	1.09907452164239	9.6987961741009
18	0.09	1.12031808921238	9.18675326020587
18	0.1	1.10222738797389	8.31179743718789
18	0.11	1.22109510825786	8.54358578781497
18	0.12	1.29506734674955	8.50175463549087
18	0.13	1.2459440525116	7.65435393711807
18	0.14	1.25631421114553	7.24805000217043
18	0.15	1.4018439717609	7.54228111586513
18	0.16	1.3713149390325	6.990071207518
18	0.17	1.52882942973709	7.15107597389257
18	0.18	1.52460831056035	6.78853577581424
18	0.19	1.58098994764014	6.65019710908113
18	0.2	1.63241665184984	6.49830216154482
18	0.21	1.76896098306372	6.51400686971764
18	0.22	1.72068118091218	6.1110033832916
18	0.23	1.8941455067211	6.33698871047922
18	0.24	1.90229198992651	5.99025307326946
18	0.25	2.02812610927085	6.00286406323382
18	0.26	2.18746166040827	6.24810036262781
18	0.27	2.15206856985613	5.89513415347415
18	0.28	2.25621521719884	5.84755830372393
18	0.29	2.52019869863559	6.20635300191391
18	0.3	2.39490017366243	5.57934402636877
18	0.31	2.47576317970443	5.52372253879814
18	0.32	2.56342699209566	5.47895352126126
18	0.33	2.72601777961689	5.54075524051858
18	0.34	2.82054778928836	5.53626771426453
18	0.35	2.91986522739077	5.48596490355109
18	0.36	2.92624995714053	5.20416001564264
18	0.37	3.0750916716762	5.25629650420057
18	0.38	3.14178617577749	5.20602754804365
18	0.39	3.22945842084217	5.0580597991867
18	0.4	3.3265060457817	5.04294195236225
18	0.41	3.40603825852752	4.83247532368167
18	0.42	3.45939484814689	4.78608994882662
18	0.43	3.41568834830781	4.57780673826303
18	0.44	3.73401581729347	4.76770834289458
18	0.45	3.80925497675892	4.6244940032282
18	0.46	3.74412406658942	4.40955785786219
18	0.47	3.90511645554659	4.38737469988502
18	0.48	4.0802064558753	4.44794887871033
18	0.49	4.12801864523518	4.31878014176313
18	0.5	4.31467765820822	4.29678571501334
19	0.01	1.05731408445789	16.9128900324331
19	0.02	0.919913858670784	13.280686830031
19	0.03	1.02913032376643	13.7440736745529
19	0.04	1.0286071247913	12.7652454392327
19	0.05	1.02221443522126	11.8457143737703
19	0.06	1.06305798665201	11.2466633631314
19	0.07	1.04888088198378	10.3228711842462
19	0.08	1.10528812649149	10.1351158541648
19	0.09	1.13456667091272	9.38043009703544
19	0.1	1.16497419844865	8.96507760633371
19	0.11	1.17207872198158	8.38116649275036
19	0.12	1.26675790453803	8.36085511561419
19	0.13	1.35402535841324	8.28939698546646
19	0.14	1.32200954962904	7.629767943881
19	0.15	1.39121641681118	7.36405994196021
19	0.16	1.4428645565379	7.28531658506713
19	0.17	1.49897407717147	7.16140161173925
19	0.18	1.57592161041051	6.97678367391158
19	0.19	1.58199267146798	6.64211242986371
19	0.2	1.8170387346099	7.12731343269502
19	0.21	1.77578281099779	6.584559694352
19	0.22	1.85625889390647	6.47919733087284
19	0.23	1.93137618757779	6.53211025486726
19	0.24	1.97972249181043	6.22327385307921
19	0.25	2.08604587784551	6.24218424180255
19	0.26	2.24643161348582	6.40911449021542
19	0.27	2.34090835431007	6.30887446348274
19	0.28	2.28275652284499	5.88172137616784
19	0.29	2.45326232804724	5.97798196840984
19	0.3	2.54926489394678	5.97570824797879
19	0.31	2.68186930480184	6.03265099006035
19	0.32	2.74980547902813	5.89268444828156
19	0.33	2.91568762077933	5.96330427157344
19	0.34	2.89124111688582	5.65610693021715
19	0.35	3.11368791837647	5.7696942977959
19	0.36	3.10941878527794	5.56999444574453
19	0.37	3.1722219583419	5.38435145130853
19	0.38	3.32096039173196	5.3836932439513
19	0.39	3.36345142914228	5.2574674300664
19	0.4	3.52384092979939	5.26584310579433
19	0.41	3.71490817516954	5.37387262836812
19	0.42	3.68694010534102	5.08664860090484
19	0.43	3.84457616085262	5.14317717839248
19	0.44	3.98568142714641	5.08887721451432
19	0.45	3.82573858169674	4.78235765645653
19	0.46	4.00901999149173	4.77645468918615
19	0.47	4.26273876981383	4.79822577011682
19	0.48	4.33195283347887	4.67252343506477
19	0.49	4.34488660068138	4.52779828625505
19	0.5	4.63200134599012	4.61344056203937
20	0.01	0.973499493964303	16.9332965959987
20	0.02	1.03266468387634	16.2667392801619
20	0.03	0.978109314448095	13.8880780483694
20	0.04	0.979408011073168	12.7347005601235
20	0.05	1.03444778523895	12.0815425883735
20	0.06	1.06412515281605	11.6064567767668
20	0.07	1.05319749820042	10.3876522591617
20	0.08	1.17042454347809	10.6528079329132
20	0.09	1.18581071386826	10.0611919637532
20	0.1	1.175427984788	9.21788915247522
20	0.11	1.22390573559716	8.89229121282142
20	0.12	1.32934263632007	8.88197453122982
20	0.13	1.33591154586636	8.40492768852624
20	0.14	1.39847049529123	8.16153160826935
20	0.15	1.42776558638564	7.79266419907426
20	0.16	1.49835927050017	7.62546821077319
20	0.17	1.54714565595445	7.40479198334214
20	0.18	1.5490387480845	6.97739802280922
20	0.19	1.71719142897071	7.23228071663975
20	0.2	1.77719615823226	7.00626925101689
20	0.21	1.86575688145401	6.97743546504697
20	0.22	1.98757087586058	6.88951503014162
20	0.23	1.97085915944754	6.65918724007111
20	0.24	2.16441811051969	6.92407298406658
20	0.25	2.20339070262241	6.68377418925078
20	0.26	2.26153300120999	6.45925751551124
20	0.27	2.43785083460173	6.65363385530347
20	0.28	2.51843662120204	6.48703892747745
20	0.29	2.54341369273249	6.2525710222068
20	0.3	2.7193071763579	6.37940556828091
20	0.31	2.79457523550589	6.22778730057766
20	0.32	2.97898654123673	6.36304564764013
20	0.33	3.18454167972737	6.43732221927141
20	0.34	3.13211841244538	6.14919524447029
20	0.35	3.15455627442201	5.83327159164159
20	0.36	3.31201618036032	5.94689729630729
20	0.37	3.30472092281043	5.75050979554163
20	0.38	3.55738017112096	5.84937513610282
20	0.39	3.59469378606131	5.64813780019519
20	0.4	3.76982521052932	5.64063723734783
20	0.41	3.90610273932189	5.60206008608421
20	0.42	3.97449498382629	5.51240938449221
20	0.43	4.10867341774079	5.50854435590107
20	0.44	4.2412801154772	5.45967482454821
20	0.45	4.13963415264583	5.0470206622385
20	0.46	4.26760004274858	5.08574789402526
20	0.47	4.54890346626697	5.14457042583304
20	0.48	4.4587813522699	4.82625051990619
20	0.49	4.63093282061639	4.81266237246462
20	0.5	4.66481596035147	4.66594557297652
21	0.01	1.0399502306983	18.6924025935517
21	0.02	0.984812015556844	16.1938415821525
21	0.03	1.01708942737895	14.6481297603791
21	0.04	1.02030150424819	13.5916394046081
21	0.05	1.05480190968987	12.9687276203772
21	0.06	1.05780459631172	11.7998822800982
21	0.07	1.03951324331952	10.5000881021456
21	0.08	1.17951058828267	10.8803375087787
21	0.09	1.18685663546784	10.359380903257
21	0.1	1.15995268200051	9.2880878794019
21	0.11	1.25658623440203	9.28861669877114
21	0.12	1.30892069239579	8.99787516958561
21	0.13	1.3510465071271	8.50110542616184
21	0.14	1.46561449569356	8.59195678006642
21	0.15	1.52297823775828	8.52894266999117
21	0.16	1.52158076896111	7.91326330722248
21	0.17	1.55945224030437	7.37185151924824
21	0.18	1.69971686990021	7.66639050618693
21	0.19	1.75013331864025	7.41979927651845
21	0.2	1.88766109249732	7.46740243745566
21	0.21	1.88723698232137	7.04529428112548
21	0.22	2.02682527057333	7.21440223531228
21	0.23	2.11127156134473	7.11768972002347
21	0.24	2.20531716839065	7.03444738943074
21	0.25	2.41373495644522	7.31704658160346
21	0.26	2.44784847910991	7.00419739979173
21	0.27	2.612748902608	7.09074257163202
21	0.28	2.70738082197661	6.9610318358082
21	0.29	2.82597760302603	6.87092238585066
21	0.3	2.84086601035421	6.67202682704397
21	0.31	2.93633022363607	6.60621056461341
21	0.32	3.117601507873	6.64269746831818
21	0.33	3.25529332232346	6.63267539792615
21	0.34	3.25172740565505	6.31113132495662
21	0.35	3.29523317186341	6.16863080210992
21	0.36	3.44247346291708	6.1376394765827
21	0.37	3.62901461486616	6.18763971187458
21	0.38	3.65614252232957	5.97855776703705
21	0.39	3.66823094092731	5.77002873836245
21	0.4	3.74089720026656	5.61226946489151
21	0.41	3.86838099327608	5.58128973192109
21	0.42	4.03508394760028	5.59438649516852
21	0.43	4.14703702834816	5.48833348718539
21	0.44	4.42953374752638	5.64313057509371
21	0.45	4.47290506641021	5.46369617104242
21	0.46	4.47826789096976	5.30071472206081
21	0.47	4.69690572230621	5.28693197311502
21	0.48	4.74573939380322	5.11675659556998
21	0.49	4.68758101179132	4.91835085174577
21	0.5	5.15707371888307	5.14868928795425
22	0.01	1.00985850585702	18.5207708191956
22	0.02	0.9945596714673	16.6932131042197
22	0.03	1.01973425832843	16.1475640593075
22	0.04	1.01388135213164	14.3134857729342
22	0.05	1.05202003097717	13.3493757838456
22	0.06	1.12805707545128	12.846559474575
22	0.07	1.12467373815709	11.7161745527168
22	0.08	1.12252863231794	10.7269602152578
22	0.09	1.18519247407099	10.2157337460094
22	0.1	1.24250675800568	10.0031827344519
22	0.11	1.26034898589414	9.43653075176625
22	0.12	1.37033602120072	9.45624845153883
22	0.13	1.44265052047488	9.12251667755183
22	0.14	1.48630053577369	8.72872509868025
22	0.15	1.58627239327938	8.69659703326697
22	0.16	1.5820447010246	8.16043000382741
22	0.17	1.68131613925381	8.12982172465243
22	0.18	1.74458635697157	7.85522000616944
22	0.19	1.86302935280103	7.87996355363651
22	0.2	1.98945717486091	7.95186092903073
22	0.21	2.0981432153833	7.87208913774174
22	0.22	2.1209525405386	7.51947336991884
22	0.23	2.1009327703293	7.05595211023846
22	0.24	2.27784243266236	7.22936982241456
22	0.25	2.56207508517721	7.67687451469201
22	0.26	2.61615945201966	7.5238560590236
22	0.27	2.65030622631045	7.19828503060664
22	0.28	2.87371627122218	7.37594854208148
22	0.29	2.69089316648751	6.69450774194199
22	0.3	2.99751924943297	7.03576263075872
22	0.31	3.12159429480765	6.97462426449852
22	0.32	3.13749677520742	6.72933274896853
22	0.33	3.3067052640124	6.75905716094072
22	0.34	3.42939817348274	6.7329373718902
22	0.35	3.7442223731901	6.97048212110654
22	0.36	3.6552662662915	6.50236702790275
22	0.37	3.86809211299654	6.5894914166473
22	0.38	3.93559878214682	6.36242267655073
22	0.39	4.29397832775203	6.74094517153378
22	0.4	4.13127149884342	6.20421902866643
22	0.41	4.31194925666968	6.2144296503564
22	0.42	4.49373925147918	6.16362544879028
22	0.43	4.41104930549514	5.86357755649292
22	0.44	4.71982609568648	6.01714267049829
22	0.45	4.90195630831275	6.01661194985867
22	0.46	4.69949880982515	5.54054841304229
22	0.47	4.99375920238865	5.61635894716152
22	0.48	4.85115615467601	5.2748238489915
22	0.49	4.98591817674158	5.19498961237405
22	0.5	5.25711291416206	5.23632731544063
23	0.01	0.977478088696619	18.9632513622344
23	0.02	0.989186109021901	17.1632427236476
23	0.03	0.971078588475243	15.2075685002306
23	0.04	1.08451164483955	15.3345827391062
23	0.05	1.05517079698906	13.2893240105402
23	0.06	1.03101809948144	11.9888843360266
23	0.07	1.13006414234468	11.8574494384929
23	0.08	1.16744738082449	11.2527595464233
23	0.09	1.1583770062533	10.3245273844699
23	0.1	1.22874331889036	9.94358935079264
23	0.11	1.34564160311585	10.1038448250736
23	0.12	1.32856791533318	9.27170683801972
23	0.13	1.476187937041	9.40560867424701
23	0.14	1.48866661432198	8.96986598724949
23	0.15	1.59425140861208	8.88058237979305
23	0.16	1.65856391638024	8.62267456709746
23	0.17	1.7736456380447	8.56879131828235
23	0.18	1.90112537456936	8.57780628115682
23	0.19	1.9091633286526	8.07671728268711
23	0.2	2.14221752776822	8.51363578877226
23	0.21	2.23715316461741	8.52930719325699
23	0.22	2.19359600295129	7.76410492602058
23	0.23	2.37060035515478	7.94211227609354
23	0.24	2.57238995771565	8.11301024224323
23	0.25	2.53342010562383	7.56108343388258
23	0.26	2.69940532918619	7.62449467005012
23	0.27	2.84496300459907	7.68381788396796
23	0.28	2.95126558367518	7.61972415539024
23	0.29	3.03106823952367	7.41930175960542
23	0.3	3.03210383106847	7.09691663927007
23	0.31	3.30702845924188	7.43005412660705
23	0.32	3.42392159634712	7.26699381011596
23	0.33	3.42853660005158	7.0228205399079
23	0.34	3.68725577563959	7.2092282584741
23	0.35	3.76681108948004	7.03987499967432
23	0.36	3.88894013598081	6.91232743593331
23	0.37	4.01330054340997	6.80279129366106
23	0.38	4.13531335855935	6.69879469238304
23	0.39	4.0244046516515	6.30789209312458
23	0.4	4.47154276153499	6.70122896551842
23	0.41	4.45680855992139	6.45377411878088
23	0.42	4.66943133528322	6.44624767848088
23	0.43	4.7898820023826	6.37704441768481
23	0.44	4.81107544877678	6.08268396510376
23	0.45	4.71672008359295	5.72270779720562
23	0.46	4.95120679867894	5.8339529243018
23	0.47	5.26390881563647	5.93428446788632
23	0.48	5.40959640057482	5.87663306888596
23	0.49	5.11670166131579	5.3786426944626
23	0.5	5.53246049309393	5.58267865021941
24	0.01	1.00502419469094	20.4432991006608
24	0.02	1.026985747095	18.9649099753786
24	0.03	1.01794516357326	16.7278316565371
24	0.04	1.04527279336468	14.9294068080495
24	0.05	1.12293097875201	14.6128849615501
24	0.06	1.13001120207191	13.4677616328517
24	0.07	1.19399027552213	12.6995758914717
24	0.08	1.17522164944253	11.6297491473218
24	0.09	1.22970622115774	11.1391843674387
24	0.1	1.28070332641255	10.6243399810443
24	0.11	1.32419280622254	9.88854900576451
24	0.12	1.43743110179721	10.1163089038182
24	0.13	1.41628735716975	9.1627489964248
24	0.14	1.63584378691013	9.80093078431777
24	0.15	1.63312055101915	9.04485764162714
24	0.16	1.69680027877586	8.73635100435342
24	0.17	1.7611851521268	8.55820069614034
24	0.18	1.94984391532769	8.74811850401969
24	0.19	1.99774567975352	8.49656399312753
24	0.2	2.16434500646451	8.71814815895939
24	0.21	2.25980540203195	8.49282857135191
24	0.22	2.31499606441081	8.28954651916536
24	0.23	2.43007375643669	8.16622711172083
24	0.24	2.53767299972351	8.0218661395879
24	0.25	2.50394890487243	7.476125768626
24	0.26	2.7579762391923	7.84117492629661
24	0.27	2.92531911287588	7.89463595929275
24	0.28	2.98037059385525	7.69546895664196
24	0.29	3.20251207038246	7.97380845105841
24	0.3	3.1965642750437	7.53379967783993
24	0.31	3.26301385978399	7.25514307995864
24	0.32	3.58581305879679	7.617674201002
24	0.33	3.59803859233814	7.4010854183173
24	0.34	3.79384578407575	7.36614396905542
24	0.35	4.01599182932941	7.49345815310392
24	0.36	4.15445262503962	7.41597197766781
24	0.37	4.27464978171998	7.20385901573508
24	0.38	4.14228620285822	6.7792006492006
24	0.39	4.34855397615308	6.85516046363492
24	0.4	4.49403560539089	6.81197233372197
24	0.41	4.62318222319552	6.66094980229337
24	0.42	4.73674593296335	6.60105146153426
24	0.43	5.11896798456491	6.76026274770302
24	0.44	5.01078149351163	6.39949476164798
24	0.45	5.30822323054945	6.4922585965836
24	0.46	5.264302313771	6.26370185911992
24	0.47	5.18359272440896	5.87656685487209
24	0.48	5.279984588828	5.73961067832515
24	0.49	5.56967149744387	5.78442696652865
24	0.5	5.68652177203719	5.68266263578698
25	0.01	1.03034721692071	22.1054572419423
25	0.02	0.989172340933104	18.7993246472978
25	0.03	1.00425405042185	16.8888488979461
25	0.04	1.03324205452254	15.509103762927
25	0.05	1.07894661059909	14.6823364782199
25	0.06	1.12026953306521	13.6339372976466
25	0.07	1.16563375228056	13.029987468227
25	0.08	1.18397431261041	11.7861987736756
25	0.09	1.31257824992428	11.9874560925804
25	0.1	1.29099828987827	10.7908234071582
25	0.11	1.38358650915965	10.4811353211153
25	0.12	1.49311830999616	10.6523970276755
25	0.13	1.51859774998513	9.86244214159526
25	0.14	1.64214844307755	9.89958681819893
25	0.15	1.65828986973859	9.32776235476485
25	0.16	1.86019345321006	9.61808476529766
25	0.17	1.89565571097226	9.19129499302708
25	0.18	1.95281771311252	8.83795866621521
25	0.19	2.06867252498685	8.85404429356648
25	0.2	2.22360730137121	8.91022715135221
25	0.21	2.3750352336466	8.89664059846937
25	0.22	2.44665557976405	8.77617574432819
25	0.23	2.58467613783062	8.61493301147044
25	0.24	2.74819923089028	8.72475066775402
25	0.25	2.75410060567692	8.36525057711398
25	0.26	2.86937945767688	8.21169530105966
25	0.27	3.06514331387878	8.32038476331204
25	0.28	3.22393025685886	8.22930274922247
25	0.29	3.32455084016532	8.15408861962729
25	0.3	3.40416622022174	7.94508964307196
25	0.31	3.49068652519147	7.76432067044433
25	0.32	3.63647772659796	7.79733462304422
25	0.33	3.7754871805269	7.69878011013338
25	0.34	3.99445548420199	7.75351891328874
25	0.35	4.03384546136831	7.37619855760591
25	0.36	4.06188284090091	7.26694951911853
25	0.37	4.43629161631863	7.55365775125359
25	0.38	4.29224252541825	7.07440514627472
25	0.39	4.81575960919521	7.47812645922437
25	0.4	4.66606532415186	7.02779813327624
25	0.41	4.86600515808184	7.09130700641767
25	0.42	4.87243247710195	6.72977295369791
25	0.43	4.95229349303973	6.54469758874933
25	0.44	5.06606171276729	6.47875497371438
25	0.45	5.32487172253009	6.51835081861849
25	0.46	5.53225380832014	6.50551375745763
25	0.47	5.58418566816055	6.30239051460515
25	0.48	5.59513814679845	6.0364164188097
25	0.49	6.17639908535049	6.43115409820197
25	0.5	5.92678748164627	5.92567592421617
